Holy: 2.78
Fuckin: 3.22
Dollars: 3.7
Half: 5.33
of: 5.62
rent: 5.76
other: 6.1
half: 6.32
comes: 6.63
when: 7.04
you: 7.2
admit: 7.37
I: 7.67
out: 7.83
fragged: 8.059999
cooter: 8.48
1: 8.83
game: 9.17
last: 9.49
night: 9.79
Aiden: 10.55
Do: 11.69
not: 11.9
send: 12.219999
me: 12.46
Rent: 12.759999
through: 13.5
fuckin: 13.95
donations: 14.509999
I: 16.139999
to: 16.4
pay: 16.539999
taxes: 16.799999
I: 17.74
don't: 17.809999
wanna: 17.879999
pay: 18.029999
taxes: 18.2
as: 18.789999
your: 19.01
landlord: 19.19
we: 20.62
can't: 20.78
have: 21.05
Our: 21.77
Rent: 22.02
be: 22.33
paid: 22.5
out: 22.759999999999998
this: 22.95
way: 23.15
I: 23.28
don't: 23.32
wanna: 23.45
pay: 23.61
the: 23.75
government: 23.89
Taxes: 24.59
Read: 30.29
the: 30.52
Sign: 30.619999999999997